            
3
            


            

            


            

            


            

            


            

            


            
3
            


            
4
            


            

            


            

            


            
5
            


            
3
            


1            
4
            


2            

            


3            

            


            
5
            


            
5
            


o            
5
            


            
5
            


            

            


